ОКВЭД : КОЛЛИЧЕСТВО ОРГАНИЗАЦИЙ ЗАРЕГЕСТРИРОВАННЫХ.
011100 : 9447
011110 : 10000
011111 : 29
011112 : 1
011113 : 0
011114 : 6
011115 : 0
011116 : 1
011119 : 10
011120 : 54
011130 : 143
011131 : 4
011132 : 3
011133 : 3
011139 : 1
011200 : 56
011300 : 3371
011310 : 4558
011311 : 43
011312 : 111
011320 : 4
011330 : 1781
011331 : 71
011339 : 13
011340 : 3
011350 : 2
011351 : 61
011352 : 0
011360 : 320
011390 : 7
011400 : 3
011500 : 21
011600 : 66
011610 : 3
011620 : 12
011630 : 9
011690 : 0
011900 : 2246
011910 : 398
011920 : 654
011921 : 17
011922 : 0
011930 : 0
011990 : 18
012100 : 443
012200 : 2
012300 : 3
012400 : 309
012500 : 348
012510 : 2000
012520 : 2
012530 : 32
012600 : 5
012700 : 16
012710 : 4
012790 : 1
012800 : 30
012810 : 7
012820 : 3
012830 : 3
012900 : 72
013000 : 193
014100 : 5916
014110 : 85
014111 : 16
014112 : 14
014120 : 18
014121 : 36
014129 : 0
014200 : 183
014210 : 102
014211 : 90
014212 : 29
014220 : 4
014300 : 60
014310 : 679
014320 : 2
014330 : 1
014400 : 1
014500 : 163
014510 : 520
014520 : 4
014530 : 1
014540 : 6
014600 : 699
014610 : 10
014611 : 6
014612 : 0
014620 : 0
014700 : 1471
014710 : 30
014711 : 20
014712 : 2
014720 : 12
014730 : 7
014900 : 222
014910 : 486
014911 : 23
014912 : 1
014913 : 4
014920 : 255
014921 : 0
014922 : 10
014930 : 3
014931 : 1
014932 : 6
014940 : 1
014941 : 1
014942 : 1
014943 : 1
014944 : 7
014950 : 2
014960 : 1
014970 : 3
014990 : 3
015000 : 1
016100 : 1
016200 : 10
016300 : 1
016400 : 25
017000 : 2781
021000 : 3426
021010 : 31
021011 : 70
021019 : 4
021020 : 30
022000 : 6621
023000 : 174
023010 : 18
023011 : 59
023012 : 184
023013 : 11
023014 : 10
023020 : 114
024000 : 441
024010 : 487
024020 : 244
031100 : 1715
031110 : 29
031120 : 40
031130 : 1
031140 : 2
031150 : 4
031200 : 1145
031210 : 56
031220 : 12
031230 : 31
031240 : 195
032100 : 108
032110 : 12
032120 : 5
032130 : 0
032140 : 531
032150 : 0
032190 : 2
032200 : 479
032210 : 102
032220 : 13
032230 : 94
032240 : 5
032250 : 42
032260 : 0
032290 : 5
051000 : 223
051010 : 57
051011 : 113
051012 : 15
051013 : 76
051014 : 21
051015 : 11
051016 : 11
051020 : 59
051021 : 0
051022 : 0
051023 : 1
052000 : 24
052010 : 3
052011 : 77
052012 : 1
052020 : 5
061000 : 603
061010 : 418
061020 : 5
061030 : 0
062000 : 99
062010 : 3
062020 : 0
071000 : 137
071010 : 15
071020 : 28
071030 : 3
072100 : 5
072110 : 1
072111 : 2
072112 : 0
072120 : 1
072900 : 444
072910 : 30
072920 : 3
072921 : 0
072922 : 1
072930 : 2
072931 : 0
072932 : 2
072933 : 0
072940 : 384
072941 : 2259
072942 : 16
072950 : 6
072960 : 5
072970 : 6
072980 : 13
072990 : 11
072991 : 2
072992 : 2
072993 : 3
072999 : 3
081100 : 2079
081110 : 40
081120 : 396
081130 : 7
081140 : 15
081200 : 3384
081210 : 315
081220 : 143
089100 : 100
089200 : 142
089210 : 77
089220 : 20
089300 : 37
089900 : 364
089910 : 5
089920 : 36
089921 : 3
089922 : 5
089923 : 5
089930 : 8
089931 : 50
089932 : 10
089933 : 1
089934 : 3
089935 : 5
089936 : 3
091000 : 925
091010 : 423
091020 : 289
091030 : 5
091040 : 22
091090 : 868
099000 : 218
101100 : 1426
101110 : 712
101120 : 9
101130 : 39
101140 : 60
101150 : 27
101160 : 16
101200 : 135
101210 : 4
101220 : 3
101230 : 0
101240 : 1
101250 : 19
101300 : 2023
101310 : 722
101320 : 93
101330 : 27
101340 : 144
101350 : 11
101360 : 17
101370 : 13
101390 : 60
102000 : 2253
102010 : 77
102020 : 3
102030 : 10
102040 : 3
102050 10
102090 6
103100 147
103200 344
103900 799
103910 324
103920 180
103990 16
104100 425
104110 8
104120 326
104121 1
104122 1
104123 1
104124 21
104125 0
104126 1
104127 0
104128 0
104129 2
104130 0
104140 10
104150 119
104151 0
104152 0
104153 0
104154 3
104155 0
104156 0
104157 0
104158 0
104159 1
104160 0
104170 1
104200 59
105100 2383
105110 243
105120 93
105130 226
105140 60
105190 163
105200 215
106100 799
106110 34
106120 582
106130 318
106140 20
106200 36
106210 67
106220 1
106230 0
106290 5
107100 7079
107110 137
107120 54
107130 10
107200 1214
107210 18
107220 9
107230 10
107231 5
107232 8
107233 3
107234 1
107235 0
107239 14
107240 16
107300 31
107310 274
107320 0
107330 3
108100 155
108110 3
108111 5
108112 0
108120 7
108130 2
108200 562
108210 10
108220 339
108230 22
108240 1
108250 6
108260 1
108300 587
108400 288
108500 744
108600 196
108610 5
108611 1
108612 1
108620 1
108630 1
108640 1
108650 1
108660 23
108661 4
108662 13
108663 1
108664 1
108669 3
108670 0
108680 0
108690 0
108900 1059
108910 3
108920 9
108930 61
108940 61
108950 0
108960 43
108970 7
108980 116
108990 72
109100 743
109110 220
109120 3
109130 197
109200 184
110100 19
110110 290
110120 2
110130 0
110140 109
110200 183
110300 107
110400 30
110500 1891
110600 62
110700 1934
110710 574
110720 452
120000 91
120010 40
120020 0
120030 1
131000 129
131010 57
131020 23
131030 9
131040 47
131050 28
131060 9
131090 23
132000 215
132010 2
132011 19
132012 30
132013 4
132014 1
132019 1
132020 161
132030 103
132040 0
132041 1
132042 0
132043 0
132044 1
132045 0
132046 7
132050 6
132060 0
133000 311
133010 4
133020 1
133030 0
133040 1
133050 34
139100 82
139110 6
139120 4
139200 2976
139300 74
139400 201
139410 1
139420 5
139500 429
139600 42
139610 0
139620 0
139630 2
139640 7
139650 1
139660 3
139670 0
139900 271
139910 92
139920 15
139930 1
139990 243
141100 345
141200 2340
141300 2880
141310 65
141311 1
141312 8
141320 167
141321 223
141322 225
141400 341
141410 114
141411 0
141412 0
141413 1
141414 3
141420 38
141421 1
141422 0
141423 3
141424 2
141425 5
141430 8
141900 2728
141910 59
141911 47
141912 59
141913 141
141919 16
141920 26
141921 34
141922 74
141923 56
141930 16
141931 43
141932 23
141940 134
142000 351
143100 296
143900 358
151100 112
151110 56
151120 5
151130 8
151140 1
151150 2
151151 0
151152 0
151200 507
152000 1016
152010 2
152011 0
152012 1
152013 0
152014 2
152020 1
152030 1
152031 0
152032 0
152040 7
152041 1
152042 0
161000 8132
161010 1486
161020 485
161030 77
161090 120
162100 435
162110 193
162111 5
162112 5
162113 5
162120 21
162121 22
162122 70
162200 41
162300 3550
162310 2182
162320 526
162400 1203
162900 359
162910 690
162911 25
162912 37
162913 120
162914 194
162915 182
162920 33
162921 0
162922 0
162923 1
171100 102
171110 5
171120 2
171190 1
171200 323
171210 7
171220 7
172100 1244
172200 593
172300 120
172400 70
172900 587
181100 566
181200 7481
181300 638
181400 283
182000 187
191000 35
192000 1015
193100 12
193200 2
193300 3
193400 2
193410 1
193420 1
193430 0
201100 573
201200 159
201300 506
201400 359
201410 11
201420 9
201430 5
201440 9
201450 0
201460 2
201470 399
201500 481
201510 0
201520 0
201530 3
201540 0
201550 3
201560 0
201570 11
201580 56
201600 869
201700 37
202000 235
203000 1079
203010 225
203020 285
204100 693
204110 5
204120 77
204130 315
204140 12
204200 939
205100 95
205200 154
205300 54
205900 532
205910 18
205920 13
205930 4
205940 315
205950 625
205960 3
206000 124
206010 2
206020 0
211000 555
212000 419
212010 247
212020 516
221100 231
221900 902
221910 30
221920 69
221930 221
221940 21
221950 10
221960 2
221970 200
222100 2002
222200 2416
222300 5371
222900 1627
222910 27
222920 1046
222930 0
222990 249
231100 154
231110 1
231120 0
231130 1
231140 0
231200 621
231210 10
231220 1
231230 6
231300 167
231310 3
231320 0
231330 2
231340 0
231350 6
231360 0
231400 126
231900 338
231910 13
231920 113
231930 4
231940 7
231950 33
231960 51
231970 8
231990 155
232000 396
232010 12
232020 22
232030 2
232090 1
233100 308
233200 1289
234100 226
234110 2
234120 0
234130 1
234200 61
234300 46
234400 34
234410 2
234420 0
234900 48
234910 0
234990 0
235100 241
235200 18
235210 71
235220 38
235230 5
236100 6010
236110 119
236120 12
236200 168
236300 3028
236400 609
236500 102
236510 41
236520 2
236900 791
237000 1445
237010 221
237020 462
237030 115
239100 113
239900 563
239910 23
239920 342
239930 411
239940 79
239950 17
239960 599
239961 30
239962 0
241000 293
241010 28
241011 0
241012 80
241013 14
241014 43
241020 94
241030 8
241040 30
241050 2
241060 69
241070 35
241090 75
242000 409
242010 2
242020 10
242030 18
243100 43
243200 28
243300 506
243400 54
244100 173
244200 266
244300 56
244310 3
244320 8
244330 0
244400 88
244500 96
244510 1
244520 5
244530 1
244540 0
244550 0
244560 0
244570 1
244580 0
244590 4
244600 17
245100 305
245200 168
245300 113
245400 109
251100 147
251200 2692
252100 242
252110 54
252120 161
252900 581
253000 76
253010 126
253020 26
253021 1
253022 3
254000 298
255000 913
255010 481
255020 48
256100 4189
256200 5430
257100 115
257200 143
257300 687
259100 149
259200 152
259300 772
259310 136
259320 11
259400 172
259900 2648
259910 46
259911 70
259912 58
259920 362
259921 114
259922 5
259923 6
259924 80
259925 39
259926 4
259927 1
259929 472
261100 419
261110 43
261120 135
261130 63
261190 92
261200 169
262000 1027
263000 426
263010 12
263011 136
263012 5
263013 14
263014 1
263015 20
263016 5
263017 198
263018 2
263019 2
263020 1
263021 0
263022 2
263029 0
263030 3
263040 9
263050 45
263060 41
264000 221
264010 8
264020 21
264021 0
264022 2
264023 2
264030 51
264040 40
264050 26
265100 1108
265110 169
265120 140
265130 30
265140 127
265150 223
265160 436
265170 479
265180 97
265200 70
265210 17
265220 10
266000 60
266010 794
266020 3
266030 0
266040 59
266050 46
266060 0
266070 2
266090 24
267000 174
267010 163
267020 1
267030 1
267040 0
267050 4
267060 4
267070 0
268000 30
271100 643
271110 254
271111 9
271112 3
271113 7
271200 2513
272000 94
272010 6
272020 30
272021 0
272022 4
272023 0
272030 10
273100 29
273200 457
273210 1
273220 9
273230 1
273300 57
274000 1251
275100 341
275110 0
275120 1
275130 1
275140 0
275150 2
275160 0
275200 50
279000 1610
281100 219
281110 49
281120 22
281121 13
281122 6
281123 13
281200 635
281210 198
281220 18
281300 298
281400 699
281500 205
281510 37
281520 76
281590 2
282100 192
282110 77
282120 81
282200 726
282210 3
282220 0
282230 2
282240 5
282241 18
282242 51
282250 16
282260 120
282270 92
282290 159
282300 110
282310 21
282320 25
282400 37
282500 1090
282510 543
282511 2
282512 10
282513 19
282514 37
282520 66
282900 811
282910 267
282911 4
282912 77
282913 5
282920 6
282921 5
282922 140
282930 43
282931 13
282932 0
282939 0
282940 2
282941 3
282942 4
282943 58
282950 0
282960 74
282970 118
283000 338
283010 1
283020 46
283021 1
283022 1
283030 138
283040 0
283050 5
283051 0
283052 0
283053 0
283059 0
283060 1
283070 0
283080 248
283081 32
283082 2
283083 12
283084 3
283085 1
283089 26
284100 521
284110 180
284120 50
284900 114
284910 3
284911 2
284912 131
284913 0
284920 7
284930 0
284940 113
289100 171
289110 0
289120 0
289130 1
289200 1034
289210 15
289211 2
289212 0
289220 4
289221 1
289222 0
289223 0
289224 1
289225 2
289226 2
289227 1
289228 0
289229 0
289230 0
289240 8
289250 4
289300 707
289400 13
289410 16
289420 9
289430 0
289440 0
289450 11
289500 34
289600 33
289900 830
289910 24
289920 5
289930 4
289940 2
289941 0
289942 0
289943 2
289949 0
289990 638
291000 392
291010 26
291011 0
291012 0
291013 0
291020 30
291030 38
291031 0
291032 0
291040 65
291050 312
292000 431
292010 0
292020 2
292030 0
292040 28
292050 5
293100 817
293200 506
293210 4
293220 0
293230 80
301100 1114
301200 272
302000 112
302010 6
302011 0
302012 0
302013 0
302020 4
302030 3
302031 19
302032 4
302033 14
302040 153
302090 668
303000 176
303010 15
303011 5
303012 9
303013 2
303014 16
303020 12
303030 109
303031 0
303032 3
303039 3
303040 3
303041 8
303042 1
303043 1
303044 1
303050 86
304000 9
309100 44
309200 11
309210 43
309220 27
309230 1
309240 2
309900 72
310100 4861
310200 1377
310300 242
310900 4301
321100 11
321200 542
321210 20
321220 4
321230 130
321240 83
321250 930
321270 35
321300 105
322000 77
323000 602
324000 698
325000 1523
329100 96
329900 639
329910 11
329920 45
329930 20
329940 21
329950 9
329960 27
329970 28
329980 217
329990 967
331100 348
331200 17198
331300 3248
331400 5428
331500 1068
331600 318
331700 312
331900 256
332000 1964
351100 1438
351110 388
351120 47
351130 63
351140 192
351200 3309
351210 100
351220 15
351300 568
351400 858
352100 44
352110 0
352111 0
352112 0
352113 0
352120 0
352121 0
352122 0
352123 0
352200 995
352210 4
352211 9
352212 0
352220 2
352221 1
352222 0
352300 29
352310 2
352311 1
352312 3
352320 1
352321 1
352322 0
353000 3141
353010 577
353011 46
353012 0
353013 13
353014 2601
353015 29
353020 382
353030 431
353040 1777
353050 859
353060 16
360000 2774
360010 893
360020 2012
370000 3006
381100 1864
381200 512
382100 609
382200 486
383100 40
383200 627
383210 43
383211 15
383212 6
383220 1693
383230 1525
383240 632
383241 1
383242 1
383243 2
383249 12
383250 1274
383251 48
383252 388
383253 423
383254 183
383255 29
383259 192
390000 152
411000 6963
412000 665
421100 10563
421200 468
421300 440
422100 11380
422200 1351
422210 120
422220 279
422230 224
429100 400
429110 50
429120 310
429130 2
429140 142
429150 240
429900 2532
431100 11103
431200 13604
431210 109
431220 13
431230 2600
431240 175
431300 674
432100 1203
432200 16620
432900 15989
433100 8494
433200 4516
433210 610
433220 63
433230 1900
433300 3322
433400 1806
433410 520
433420 605
433900 12023
439100 3775
439900 13341
439910 956
439920 122
439930 198
439940 874
439950 2272
439960 451
439970 1980
439990 1038
451100 3684
451110 2511
451120 2322
451130 112
451131 20
451139 14
451140 113
451141 19
451149 16
451900 1022
451910 129
451920 21
451930 19
451931 5
451939 19
451940 22
451941 13
451949 10
452000 24821
452010 4839
452020 3064
452030 832
453100 13197
453110 11173
453120 281
453200 6886
453210 167
453220 148
453221 170
453222 14
453229 49
454000 764
454010 138
454020 129
454030 11
454040 5
454050 43
461100 1915
461110 48
461120 39
461130 309
461131 488
461132 31
461133 42
461134 73
461135 118
461139 121
461200 2268
461210 1022
461220 265
461221 23
461222 1044
461230 438
461231 356
461232 187
461300 6191
461310 428
461320 3501
461400 1512
461410 924
461420 86
461490 1561
461500 1376
461510 295
461520 100
461530 983
461540 367
461590 309
461600 1083
461610 319
461620 150
461630 7
461700 3072
461710 1185
461720 83
461721 86
461722 65
461723 136
461730 58
461800 2157
461810 1018
461811 27
461812 82
461813 65
461814 20
461820 258
461830 117
461890 312
461891 215
461892 13
461893 30
461899 927
461900 6941
462100 9657
462110 853
462111 95
462112 388
462113 465
462114 738
462119 608
462120 29
462200 1514
462300 353
462400 615
463100 13552
463110 698
463111 151
463112 450
463113 100
463120 506
463200 8504
463210 1675
463220 396
463230 153
463300 4634
463310 1649
463320 273
463330 732
463400 3437
463410 2278
463420 963
463421 370
463422 1
463423 2307
463430 1
463500 1675
463600 2709
463610 464
463620 747
463630 493
463640 372
463700 2503
463800 7927
463810 3885
463820 2490
463821 509
463822 715
463823 625
463824 375
463825 285
463826 347
463829 1268
463900 7100
463910 723
463920 459
464100 9578
464110 1492
464120 355
464200 7082
464210 335
464211 1197
464212 317
464213 155
464214 95
464220 879
464300 9508
464310 3819
464320 1201
464330 393
464340 272
464400 2035
464410 1145
464420 2130
464500 4793
464510 610
464520 46
464600 11867
464610 2781
464620 3698
464700 2680
464710 2099
464720 793
464730 440
464800 122
464810 26
464820 1699
464900 15811
464910 289
464920 309
464930 1564
464931 314
464932 149
464933 90
464940 1907
464941 229
464942 1079
464943 1696
464944 249
464949 3227
464950 119
465100 9158
465110 356
465120 155
465200 2716
465210 175
465220 664
465230 13
466100 4257
466110 969
466120 64
466200 3251
466210 263
466220 535
466230 107
466300 4104
466400 361
466500 2482
466600 5386
466900 23839
466910 681
466920 4927
466930 1490
466940 956
466950 14118
466960 22
466970 325
466980 1199
466990 9294
467100 20991
467110 1416
467120 3331
467130 61
467140 22
467150 64
467151 1
467152 12
467190 155
467200 11110
467210 166
467211 46
467212 22
467220 2899
467221 2204
467222 562
467223 501
467300 2892
467310 4772
467320 1200
467330 5280
467340 2680
467350 719
467360 23311
467370 318
467380 285
467400 6856
467410 770
467420 4294
467430 1882
467500 7369
467510 2469
467520 2209
467600 1972
467610 1620
467620 242
467630 746
467640 230
467700 5086
469000 116262
471100 34256
471110 1367
471120 2665
471130 442
471900 11493
471910 485
471920 214
472100 1943
472110 62
472120 34
472200 1490
472210 340
472220 226
472230 31
472300 390
472310 202
472320 26
472400 1294
472410 243
472420 265
472421 85
472422 161
472430 200
472500 12884
472510 6876
472511 1419
472512 905
472520 538
472600 425
472900 2408
472910 147
472911 173
472912 25
472920 22
472921 8
472922 25
472930 420
472931 44
472932 16
472933 8
472934 8
472935 529
472936 22
472939 611
473000 6316
473010 53
473011 141
473012 109
473020 106
474100 3745
474110 25
474120 16
474130 9
474140 334
474200 740
474300 3327
475100 2142
475110 779
475120 204
475200 5085
475210 252
475220 591
475230 340
475240 67
475250 1690
475260 312
475270 5119
475271 622
475272 106
475273 1916
475274 51
475279 233
475300 152
475310 14
475320 205
475330 907
475400 2163
475900 6719
475910 3136
475920 821
475930 388
475940 289
475950 171
475960 10
475970 24
475990 536
476100 1541
476200 236
476210 248
476220 574
476300 19
476310 260
476320 1
476400 2001
476410 63
476420 53
476430 6
476440 22
476450 12
476500 1029
477100 6535
477110 1622
477120 198
477130 197
477140 56
477150 306
477160 77
477170 22
477180 85
477200 1040
477210 574
477220 218
477300 16070
477400 2328
477410 80
477420 10
477500 2842
477510 422
477520 32
477530 26
477600 417
477610 1767
477620 936
477700 239
477710 256
477720 2208
477800 2216
477810 264
477820 262
477830 1163
477840 74
477850 206
477860 533
477861 17
477862 2
477863 12
477870 136
477880 64
477890 2929
477900 800
477910 170
477920 16
477930 320
477940 12
478100 284
478110 11
478120 19
478200 62
478210 6
478220 30
478900 121
478910 81
478920 21
479100 5288
479110 124
479120 8383
479130 73
479140 36
479900 4461
479910 244
479920 223
479930 18
479940 6
479950 44
491000 965
491010 20
491011 1
491012 0
491020 0
492000 1666
492010 63
492090 384
493100 2247
493110 15
493111 4
493112 0
493120 1926
493121 1683
493122 50
493123 49
493124 7
493125 31
493200 5349
493900 850
493910 25
493911 416
493912 67
493913 14
493920 24
493930 149
493931 24
493932 12
493933 8
493934 4
493935 2
493939 74
494100 2808
494110 4599
494120 3577
494130 1039
494200 8310
495000 64
495010 35
495011 15
495012 5
495020 40
495021 97
495022 1
495030 8
501000 593
501010 6
501011 0
501012 0
501020 3
501021 1
501022 0
501030 1
501031 0
501032 0
501039 0
502000 762
502010 13
502011 5
502012 0
502013 1
502014 11
502015 5
502019 2
502020 4
502021 0
502022 2
502023 3
502024 0
502025 1
502029 1
502030 65
502031 0
502032 3
502040 2
502041 0
502042 2
503000 764
503010 19
503020 41
504000 587
504010 26
504020 3
504030 10
511000 129
511010 317
511020 134
511030 20
512100 284
512110 17
512120 52
512130 62
512200 10
512210 0
512220 0
512230 4
512240 0
521000 7020
521010 131
521020 58
521021 526
521022 30
521023 14
521030 741
521040 18
522100 2855
522110 484
522111 19
522112 4
522113 15
522119 71
522120 961
522121 215
522122 1212
522123 120
522124 36701
522125 13
522129 227
522130 5
522200 1186
522210 312
522211 14
522212 2
522213 4
522214 0
522215 2
522216 98
522217 1
522218 1
522219 13
522220 202
522221 8
522222 0
522223 3
522224 1
522225 1
522226 23
522227 0
522228 1
522229 11
522300 667
522310 57
522311 263
522312 7
522313 45
522319 214
522320 1
522321 0
522322 3
522323 0
522329 0
522400 3998
522410 150
522420 379
522900 45241
531000 518
531010 2
531020 125
531030 3
531040 79
531090 132
532000 452
532010 62
532020 14
532021 37
532022 3
532029 1
532030 2243
532031 95
532032 61
532039 56
551000 10414
552000 1497
553000 373
559000 3499
561000 54363
561010 4977
561020 152
561021 198
561022 11
561023 5
561024 19
561030 71
562100 246
562900 6292
562910 58
562920 285
562930 12
562940 31
563000 5016
581100 1682
581110 1192
581120 19
581130 29
581140 0
581200 5
581210 2
581220 5
581300 3409
581310 52
581320 5
581400 1985
581410 51
581420 9
581900 820
582100 76
582900 164
591100 3913
591200 80
591300 380
591400 1257
592000 379
592010 7
592020 14
592030 7
601000 3951
602000 1231
611000 6667
611010 2131
611020 12
611030 176
611040 1193
611050 67
611060 2
611080 0
611090 724
612000 317
612010 5
612020 1
612030 6
612040 4
612050 2
613000 58
613010 2
613020 1
619000 223
620100 28236
620200 7686
620210 60
620220 19
620230 24
620240 29
620290 79
620300 420
620310 27
620311 3
620312 12
620313 68
620319 4
620900 8860 !!!
